(kicad_pcb (version 20171130) (host pcbnew "(5.0.0)")

  (general
    (thickness 1.6)
    (drawings 17)
    (tracks 103)
    (zones 0)
    (modules 12)
    (nets 9)
  )

  (page A4)
  (layers
    (0 F.Cu signal)
    (31 B.Cu signal)
    (32 B.Adhes user)
    (33 F.Adhes user)
    (34 B.Paste user)
    (35 F.Paste user)
    (36 B.SilkS user)
    (37 F.SilkS user)
    (38 B.Mask user)
    (39 F.Mask user)
    (40 Dwgs.User user)
    (41 Cmts.User user)
    (42 Eco1.User user)
    (43 Eco2.User user)
    (44 Edge.Cuts user)
    (45 Margin user)
    (46 B.CrtYd user)
    (47 F.CrtYd user)
    (48 B.Fab user)
    (49 F.Fab user)
  )

  (setup
    (last_trace_width 0.5)
    (user_trace_width 0.5)
    (user_trace_width 1)
    (trace_clearance 0.2)
    (zone_clearance 0.508)
    (zone_45_only no)
    (trace_min 0.2)
    (segment_width 0.2)
    (edge_width 0.15)
    (via_size 0.8)
    (via_drill 0.4)
    (via_min_size 0.4)
    (via_min_drill 0.3)
    (uvia_size 0.3)
    (uvia_drill 0.1)
    (uvias_allowed no)
    (uvia_min_size 0.2)
    (uvia_min_drill 0.1)
    (pcb_text_width 0.3)
    (pcb_text_size 1.5 1.5)
    (mod_edge_width 0.15)
    (mod_text_size 1 1)
    (mod_text_width 0.15)
    (pad_size 1.524 1.524)
    (pad_drill 0.762)
    (pad_to_mask_clearance 0.2)
    (aux_axis_origin 0 0)
    (visible_elements 7FFFFFFF)
    (pcbplotparams
      (layerselection 0x010fc_ffffffff)
      (usegerberextensions false)
      (usegerberattributes false)
      (usegerberadvancedattributes false)
      (creategerberjobfile false)
      (excludeedgelayer true)
      (linewidth 0.100000)
      (plotframeref false)
      (viasonmask false)
      (mode 1)
      (useauxorigin false)
      (hpglpennumber 1)
      (hpglpenspeed 20)
      (hpglpendiameter 15.000000)
      (psnegative false)
      (psa4output false)
      (plotreference true)
      (plotvalue true)
      (plotinvisibletext false)
      (padsonsilk false)
      (subtractmaskfromsilk false)
      (outputformat 1)
      (mirror false)
      (drillshape 1)
      (scaleselection 1)
      (outputdirectory ""))
  )

  (net 0 "")
  (net 1 +5V)
  (net 2 GND)
  (net 3 "Net-(J1-Pad2)")
  (net 4 "Net-(J1-Pad3)")
  (net 5 "Net-(J1-Pad4)")
  (net 6 "Net-(R1-Pad2)")
  (net 7 "Net-(R3-Pad2)")
  (net 8 "Net-(R5-Pad2)")

  (net_class Default "This is the default net class."
    (clearance 0.2)
    (trace_width 0.25)
    (via_dia 0.8)
    (via_drill 0.4)
    (uvia_dia 0.3)
    (uvia_drill 0.1)
    (add_net +5V)
    (add_net GND)
    (add_net "Net-(J1-Pad2)")
    (add_net "Net-(J1-Pad3)")
    (add_net "Net-(J1-Pad4)")
    (add_net "Net-(R1-Pad2)")
    (add_net "Net-(R3-Pad2)")
    (add_net "Net-(R5-Pad2)")
  )

  (module Resistor_SMD:R_1206_3216Metric_Pad1.42x1.75mm_HandSolder (layer F.Cu) (tedit 5B301BBD) (tstamp 5C80FFBE)
    (at 152.146 72.39 180)
    (descr "Resistor SMD 1206 (3216 Metric), square (rectangular) end terminal, IPC_7351 nominal with elongated pad for handsoldering. (Body size source: http://www.tortai-tech.com/upload/download/2011102023233369053.pdf), generated with kicad-footprint-generator")
    (tags "resistor handsolder")
    (path /5C6D4094)
    (attr smd)
    (fp_text reference R6 (at 0 -1.82 180) (layer F.SilkS)
      (effects (font (size 1 1) (thickness 0.15)))
    )
    (fp_text value 47k (at 0 1.82 180) (layer F.Fab)
      (effects (font (size 1 1) (thickness 0.15)))
    )
    (fp_text user %R (at 0 0 180) (layer F.Fab)
      (effects (font (size 0.8 0.8) (thickness 0.12)))
    )
    (fp_line (start 2.45 1.12) (end -2.45 1.12) (layer F.CrtYd) (width 0.05))
    (fp_line (start 2.45 -1.12) (end 2.45 1.12) (layer F.CrtYd) (width 0.05))
    (fp_line (start -2.45 -1.12) (end 2.45 -1.12) (layer F.CrtYd) (width 0.05))
    (fp_line (start -2.45 1.12) (end -2.45 -1.12) (layer F.CrtYd) (width 0.05))
    (fp_line (start -0.602064 0.91) (end 0.602064 0.91) (layer F.SilkS) (width 0.12))
    (fp_line (start -0.602064 -0.91) (end 0.602064 -0.91) (layer F.SilkS) (width 0.12))
    (fp_line (start 1.6 0.8) (end -1.6 0.8) (layer F.Fab) (width 0.1))
    (fp_line (start 1.6 -0.8) (end 1.6 0.8) (layer F.Fab) (width 0.1))
    (fp_line (start -1.6 -0.8) (end 1.6 -0.8) (layer F.Fab) (width 0.1))
    (fp_line (start -1.6 0.8) (end -1.6 -0.8) (layer F.Fab) (width 0.1))
    (pad 2 smd roundrect (at 1.4875 0 180) (size 1.425 1.75) (layers F.Cu F.Paste F.Mask) (roundrect_rratio 0.175439)
      (net 5 "Net-(J1-Pad4)"))
    (pad 1 smd roundrect (at -1.4875 0 180) (size 1.425 1.75) (layers F.Cu F.Paste F.Mask) (roundrect_rratio 0.175439)
      (net 1 +5V))
    (model ${KISYS3DMOD}/Resistor_SMD.3dshapes/R_1206_3216Metric.wrl
      (at (xyz 0 0 0))
      (scale (xyz 1 1 1))
      (rotate (xyz 0 0 0))
    )
  )

  (module Resistor_SMD:R_1206_3216Metric_Pad1.42x1.75mm_HandSolder (layer F.Cu) (tedit 5B301BBD) (tstamp 5C8123B1)
    (at 130.937 79.375 180)
    (descr "Resistor SMD 1206 (3216 Metric), square (rectangular) end terminal, IPC_7351 nominal with elongated pad for handsoldering. (Body size source: http://www.tortai-tech.com/upload/download/2011102023233369053.pdf), generated with kicad-footprint-generator")
    (tags "resistor handsolder")
    (path /5C6D3C59)
    (attr smd)
    (fp_text reference R1 (at 0 -1.82 180) (layer F.SilkS)
      (effects (font (size 1 1) (thickness 0.15)))
    )
    (fp_text value 220 (at 0 1.82 180) (layer F.Fab)
      (effects (font (size 1 1) (thickness 0.15)))
    )
    (fp_line (start -1.6 0.8) (end -1.6 -0.8) (layer F.Fab) (width 0.1))
    (fp_line (start -1.6 -0.8) (end 1.6 -0.8) (layer F.Fab) (width 0.1))
    (fp_line (start 1.6 -0.8) (end 1.6 0.8) (layer F.Fab) (width 0.1))
    (fp_line (start 1.6 0.8) (end -1.6 0.8) (layer F.Fab) (width 0.1))
    (fp_line (start -0.602064 -0.91) (end 0.602064 -0.91) (layer F.SilkS) (width 0.12))
    (fp_line (start -0.602064 0.91) (end 0.602064 0.91) (layer F.SilkS) (width 0.12))
    (fp_line (start -2.45 1.12) (end -2.45 -1.12) (layer F.CrtYd) (width 0.05))
    (fp_line (start -2.45 -1.12) (end 2.45 -1.12) (layer F.CrtYd) (width 0.05))
    (fp_line (start 2.45 -1.12) (end 2.45 1.12) (layer F.CrtYd) (width 0.05))
    (fp_line (start 2.45 1.12) (end -2.45 1.12) (layer F.CrtYd) (width 0.05))
    (fp_text user %R (at 0 0 180) (layer F.Fab)
      (effects (font (size 0.8 0.8) (thickness 0.12)))
    )
    (pad 1 smd roundrect (at -1.4875 0 180) (size 1.425 1.75) (layers F.Cu F.Paste F.Mask) (roundrect_rratio 0.175439)
      (net 1 +5V))
    (pad 2 smd roundrect (at 1.4875 0 180) (size 1.425 1.75) (layers F.Cu F.Paste F.Mask) (roundrect_rratio 0.175439)
      (net 6 "Net-(R1-Pad2)"))
    (model ${KISYS3DMOD}/Resistor_SMD.3dshapes/R_1206_3216Metric.wrl
      (at (xyz 0 0 0))
      (scale (xyz 1 1 1))
      (rotate (xyz 0 0 0))
    )
  )

  (module Capacitor_Tantalum_SMD:CP_EIA-6032-15_Kemet-U (layer F.Cu) (tedit 5B301BBE) (tstamp 5C80FF3F)
    (at 140.843 73.787 180)
    (descr "Tantalum Capacitor SMD Kemet-U (6032-15 Metric), IPC_7351 nominal, (Body size from: http://www.kemet.com/Lists/ProductCatalog/Attachments/253/KEM_TC101_STD.pdf), generated with kicad-footprint-generator")
    (tags "capacitor tantalum")
    (path /5C6D73B7)
    (attr smd)
    (fp_text reference C2 (at 0 -2.55 180) (layer F.SilkS)
      (effects (font (size 1 1) (thickness 0.15)))
    )
    (fp_text value 1u (at 0 2.55 180) (layer F.Fab)
      (effects (font (size 1 1) (thickness 0.15)))
    )
    (fp_line (start 3 -1.6) (end -2.2 -1.6) (layer F.Fab) (width 0.1))
    (fp_line (start -2.2 -1.6) (end -3 -0.8) (layer F.Fab) (width 0.1))
    (fp_line (start -3 -0.8) (end -3 1.6) (layer F.Fab) (width 0.1))
    (fp_line (start -3 1.6) (end 3 1.6) (layer F.Fab) (width 0.1))
    (fp_line (start 3 1.6) (end 3 -1.6) (layer F.Fab) (width 0.1))
    (fp_line (start 3 -1.71) (end -3.76 -1.71) (layer F.SilkS) (width 0.12))
    (fp_line (start -3.76 -1.71) (end -3.76 1.71) (layer F.SilkS) (width 0.12))
    (fp_line (start -3.76 1.71) (end 3 1.71) (layer F.SilkS) (width 0.12))
    (fp_line (start -3.75 1.85) (end -3.75 -1.85) (layer F.CrtYd) (width 0.05))
    (fp_line (start -3.75 -1.85) (end 3.75 -1.85) (layer F.CrtYd) (width 0.05))
    (fp_line (start 3.75 -1.85) (end 3.75 1.85) (layer F.CrtYd) (width 0.05))
    (fp_line (start 3.75 1.85) (end -3.75 1.85) (layer F.CrtYd) (width 0.05))
    (fp_text user %R (at 0 0 180) (layer F.Fab)
      (effects (font (size 1 1) (thickness 0.15)))
    )
    (pad 1 smd roundrect (at -2.4625 0 180) (size 2.075 2.35) (layers F.Cu F.Paste F.Mask) (roundrect_rratio 0.120482)
      (net 1 +5V))
    (pad 2 smd roundrect (at 2.4625 0 180) (size 2.075 2.35) (layers F.Cu F.Paste F.Mask) (roundrect_rratio 0.120482)
      (net 2 GND))
    (model ${KISYS3DMOD}/Capacitor_Tantalum_SMD.3dshapes/CP_EIA-6032-15_Kemet-U.wrl
      (at (xyz 0 0 0))
      (scale (xyz 1 1 1))
      (rotate (xyz 0 0 0))
    )
  )

  (module Connector_PinHeader_2.54mm:PinHeader_1x05_P2.54mm_Vertical (layer F.Cu) (tedit 59FED5CC) (tstamp 5C80FF58)
    (at 136.656 78.613 90)
    (descr "Through hole straight pin header, 1x05, 2.54mm pitch, single row")
    (tags "Through hole pin header THT 1x05 2.54mm single row")
    (path /5C770605)
    (fp_text reference J1 (at 0 -2.33 90) (layer F.SilkS)
      (effects (font (size 1 1) (thickness 0.15)))
    )
    (fp_text value Screw_Terminal_01x05 (at 0 12.49 90) (layer F.Fab)
      (effects (font (size 1 1) (thickness 0.15)))
    )
    (fp_line (start -0.635 -1.27) (end 1.27 -1.27) (layer F.Fab) (width 0.1))
    (fp_line (start 1.27 -1.27) (end 1.27 11.43) (layer F.Fab) (width 0.1))
    (fp_line (start 1.27 11.43) (end -1.27 11.43) (layer F.Fab) (width 0.1))
    (fp_line (start -1.27 11.43) (end -1.27 -0.635) (layer F.Fab) (width 0.1))
    (fp_line (start -1.27 -0.635) (end -0.635 -1.27) (layer F.Fab) (width 0.1))
    (fp_line (start -1.33 11.49) (end 1.33 11.49) (layer F.SilkS) (width 0.12))
    (fp_line (start -1.33 1.27) (end -1.33 11.49) (layer F.SilkS) (width 0.12))
    (fp_line (start 1.33 1.27) (end 1.33 11.49) (layer F.SilkS) (width 0.12))
    (fp_line (start -1.33 1.27) (end 1.33 1.27) (layer F.SilkS) (width 0.12))
    (fp_line (start -1.33 0) (end -1.33 -1.33) (layer F.SilkS) (width 0.12))
    (fp_line (start -1.33 -1.33) (end 0 -1.33) (layer F.SilkS) (width 0.12))
    (fp_line (start -1.8 -1.8) (end -1.8 11.95) (layer F.CrtYd) (width 0.05))
    (fp_line (start -1.8 11.95) (end 1.8 11.95) (layer F.CrtYd) (width 0.05))
    (fp_line (start 1.8 11.95) (end 1.8 -1.8) (layer F.CrtYd) (width 0.05))
    (fp_line (start 1.8 -1.8) (end -1.8 -1.8) (layer F.CrtYd) (width 0.05))
    (fp_text user %R (at 0 5.08 180) (layer F.Fab)
      (effects (font (size 1 1) (thickness 0.15)))
    )
    (pad 1 thru_hole rect (at 0 0 90) (size 1.7 1.7) (drill 1) (layers *.Cu *.Mask)
      (net 2 GND))
    (pad 2 thru_hole oval (at 0 2.54 90) (size 1.7 1.7) (drill 1) (layers *.Cu *.Mask)
      (net 3 "Net-(J1-Pad2)"))
    (pad 3 thru_hole oval (at 0 5.08 90) (size 1.7 1.7) (drill 1) (layers *.Cu *.Mask)
      (net 4 "Net-(J1-Pad3)"))
    (pad 4 thru_hole oval (at 0 7.62 90) (size 1.7 1.7) (drill 1) (layers *.Cu *.Mask)
      (net 5 "Net-(J1-Pad4)"))
    (pad 5 thru_hole oval (at 0 10.16 90) (size 1.7 1.7) (drill 1) (layers *.Cu *.Mask)
      (net 1 +5V))
    (model ${KISYS3DMOD}/Connector_PinHeader_2.54mm.3dshapes/PinHeader_1x05_P2.54mm_Vertical.wrl
      (at (xyz 0 0 0))
      (scale (xyz 1 1 1))
      (rotate (xyz 0 0 0))
    )
  )

  (module Capacitor_SMD:C_1206_3216Metric (layer F.Cu) (tedit 5C7920DD) (tstamp 5C8116E3)
    (at 140.843 69.469 180)
    (descr "Capacitor SMD 1206 (3216 Metric), square (rectangular) end terminal, IPC_7351 nominal, (Body size source: http://www.tortai-tech.com/upload/download/2011102023233369053.pdf), generated with kicad-footprint-generator")
    (tags capacitor)
    (path /5C6D660D)
    (attr smd)
    (fp_text reference C1 (at 0 -1.82 180) (layer F.SilkS)
      (effects (font (size 1 1) (thickness 0.15)))
    )
    (fp_text value 10n (at 0 1.82 180) (layer F.Fab)
      (effects (font (size 1 1) (thickness 0.15)))
    )
    (fp_line (start -1.6 0.8) (end -1.6 -0.8) (layer F.Fab) (width 0.1))
    (fp_line (start -1.6 -0.8) (end 1.6 -0.8) (layer F.Fab) (width 0.1))
    (fp_line (start 1.6 -0.8) (end 1.6 0.8) (layer F.Fab) (width 0.1))
    (fp_line (start 1.6 0.8) (end -1.6 0.8) (layer F.Fab) (width 0.1))
    (fp_line (start -0.602064 -0.91) (end 0.602064 -0.91) (layer F.SilkS) (width 0.12))
    (fp_line (start -0.602064 0.91) (end 0.602064 0.91) (layer F.SilkS) (width 0.12))
    (fp_line (start -2.28 1.12) (end -2.28 -1.12) (layer F.CrtYd) (width 0.05))
    (fp_line (start -2.28 -1.12) (end 2.28 -1.12) (layer F.CrtYd) (width 0.05))
    (fp_line (start 2.28 -1.12) (end 2.28 1.12) (layer F.CrtYd) (width 0.05))
    (fp_line (start 2.28 1.12) (end -2.28 1.12) (layer F.CrtYd) (width 0.05))
    (fp_text user %R (at 0 0 180) (layer F.Fab)
      (effects (font (size 0.8 0.8) (thickness 0.12)))
    )
    (pad 1 smd roundrect (at -1.4 0 180) (size 1.25 1.75) (layers F.Cu F.Paste F.Mask) (roundrect_rratio 0.2)
      (net 1 +5V))
    (pad 2 smd roundrect (at 1.4 0 180) (size 1.25 1.75) (layers F.Cu F.Paste F.Mask) (roundrect_rratio 0.2)
      (net 2 GND))
    (model ${KISYS3DMOD}/Capacitor_SMD.3dshapes/C_1206_3216Metric.wrl
      (at (xyz 0 0 0))
      (scale (xyz 1 1 1))
      (rotate (xyz 0 0 0))
    )
  )

  (module Resistor_SMD:R_1206_3216Metric_Pad1.42x1.75mm_HandSolder (layer F.Cu) (tedit 5B301BBD) (tstamp 5C80FF7A)
    (at 130.81 75.057)
    (descr "Resistor SMD 1206 (3216 Metric), square (rectangular) end terminal, IPC_7351 nominal with elongated pad for handsoldering. (Body size source: http://www.tortai-tech.com/upload/download/2011102023233369053.pdf), generated with kicad-footprint-generator")
    (tags "resistor handsolder")
    (path /5C6D394E)
    (attr smd)
    (fp_text reference R2 (at 0 -1.82) (layer F.SilkS)
      (effects (font (size 1 1) (thickness 0.15)))
    )
    (fp_text value 47k (at 0 1.82) (layer F.Fab)
      (effects (font (size 1 1) (thickness 0.15)))
    )
    (fp_line (start -1.6 0.8) (end -1.6 -0.8) (layer F.Fab) (width 0.1))
    (fp_line (start -1.6 -0.8) (end 1.6 -0.8) (layer F.Fab) (width 0.1))
    (fp_line (start 1.6 -0.8) (end 1.6 0.8) (layer F.Fab) (width 0.1))
    (fp_line (start 1.6 0.8) (end -1.6 0.8) (layer F.Fab) (width 0.1))
    (fp_line (start -0.602064 -0.91) (end 0.602064 -0.91) (layer F.SilkS) (width 0.12))
    (fp_line (start -0.602064 0.91) (end 0.602064 0.91) (layer F.SilkS) (width 0.12))
    (fp_line (start -2.45 1.12) (end -2.45 -1.12) (layer F.CrtYd) (width 0.05))
    (fp_line (start -2.45 -1.12) (end 2.45 -1.12) (layer F.CrtYd) (width 0.05))
    (fp_line (start 2.45 -1.12) (end 2.45 1.12) (layer F.CrtYd) (width 0.05))
    (fp_line (start 2.45 1.12) (end -2.45 1.12) (layer F.CrtYd) (width 0.05))
    (fp_text user %R (at 0 0) (layer F.Fab)
      (effects (font (size 0.8 0.8) (thickness 0.12)))
    )
    (pad 1 smd roundrect (at -1.4875 0) (size 1.425 1.75) (layers F.Cu F.Paste F.Mask) (roundrect_rratio 0.175439)
      (net 1 +5V))
    (pad 2 smd roundrect (at 1.4875 0) (size 1.425 1.75) (layers F.Cu F.Paste F.Mask) (roundrect_rratio 0.175439)
      (net 3 "Net-(J1-Pad2)"))
    (model ${KISYS3DMOD}/Resistor_SMD.3dshapes/R_1206_3216Metric.wrl
      (at (xyz 0 0 0))
      (scale (xyz 1 1 1))
      (rotate (xyz 0 0 0))
    )
  )

  (module Resistor_SMD:R_1206_3216Metric_Pad1.42x1.75mm_HandSolder (layer F.Cu) (tedit 5B301BBD) (tstamp 5C8110A5)
    (at 152.146 76.454)
    (descr "Resistor SMD 1206 (3216 Metric), square (rectangular) end terminal, IPC_7351 nominal with elongated pad for handsoldering. (Body size source: http://www.tortai-tech.com/upload/download/2011102023233369053.pdf), generated with kicad-footprint-generator")
    (tags "resistor handsolder")
    (path /5C6D3C99)
    (attr smd)
    (fp_text reference R3 (at 0 -1.82) (layer F.SilkS)
      (effects (font (size 1 1) (thickness 0.15)))
    )
    (fp_text value 220 (at 0 1.82) (layer F.Fab)
      (effects (font (size 1 1) (thickness 0.15)))
    )
    (fp_text user %R (at 0 0) (layer F.Fab)
      (effects (font (size 0.8 0.8) (thickness 0.12)))
    )
    (fp_line (start 2.45 1.12) (end -2.45 1.12) (layer F.CrtYd) (width 0.05))
    (fp_line (start 2.45 -1.12) (end 2.45 1.12) (layer F.CrtYd) (width 0.05))
    (fp_line (start -2.45 -1.12) (end 2.45 -1.12) (layer F.CrtYd) (width 0.05))
    (fp_line (start -2.45 1.12) (end -2.45 -1.12) (layer F.CrtYd) (width 0.05))
    (fp_line (start -0.602064 0.91) (end 0.602064 0.91) (layer F.SilkS) (width 0.12))
    (fp_line (start -0.602064 -0.91) (end 0.602064 -0.91) (layer F.SilkS) (width 0.12))
    (fp_line (start 1.6 0.8) (end -1.6 0.8) (layer F.Fab) (width 0.1))
    (fp_line (start 1.6 -0.8) (end 1.6 0.8) (layer F.Fab) (width 0.1))
    (fp_line (start -1.6 -0.8) (end 1.6 -0.8) (layer F.Fab) (width 0.1))
    (fp_line (start -1.6 0.8) (end -1.6 -0.8) (layer F.Fab) (width 0.1))
    (pad 2 smd roundrect (at 1.4875 0) (size 1.425 1.75) (layers F.Cu F.Paste F.Mask) (roundrect_rratio 0.175439)
      (net 7 "Net-(R3-Pad2)"))
    (pad 1 smd roundrect (at -1.4875 0) (size 1.425 1.75) (layers F.Cu F.Paste F.Mask) (roundrect_rratio 0.175439)
      (net 1 +5V))
    (model ${KISYS3DMOD}/Resistor_SMD.3dshapes/R_1206_3216Metric.wrl
      (at (xyz 0 0 0))
      (scale (xyz 1 1 1))
      (rotate (xyz 0 0 0))
    )
  )

  (module Resistor_SMD:R_1206_3216Metric_Pad1.42x1.75mm_HandSolder (layer F.Cu) (tedit 5B301BBD) (tstamp 5C80FF9C)
    (at 130.683 71.247)
    (descr "Resistor SMD 1206 (3216 Metric), square (rectangular) end terminal, IPC_7351 nominal with elongated pad for handsoldering. (Body size source: http://www.tortai-tech.com/upload/download/2011102023233369053.pdf), generated with kicad-footprint-generator")
    (tags "resistor handsolder")
    (path /5C6D39B0)
    (attr smd)
    (fp_text reference R4 (at 0 -1.82) (layer F.SilkS)
      (effects (font (size 1 1) (thickness 0.15)))
    )
    (fp_text value 47k (at 0 1.82) (layer F.Fab)
      (effects (font (size 1 1) (thickness 0.15)))
    )
    (fp_text user %R (at 0 0) (layer F.Fab)
      (effects (font (size 0.8 0.8) (thickness 0.12)))
    )
    (fp_line (start 2.45 1.12) (end -2.45 1.12) (layer F.CrtYd) (width 0.05))
    (fp_line (start 2.45 -1.12) (end 2.45 1.12) (layer F.CrtYd) (width 0.05))
    (fp_line (start -2.45 -1.12) (end 2.45 -1.12) (layer F.CrtYd) (width 0.05))
    (fp_line (start -2.45 1.12) (end -2.45 -1.12) (layer F.CrtYd) (width 0.05))
    (fp_line (start -0.602064 0.91) (end 0.602064 0.91) (layer F.SilkS) (width 0.12))
    (fp_line (start -0.602064 -0.91) (end 0.602064 -0.91) (layer F.SilkS) (width 0.12))
    (fp_line (start 1.6 0.8) (end -1.6 0.8) (layer F.Fab) (width 0.1))
    (fp_line (start 1.6 -0.8) (end 1.6 0.8) (layer F.Fab) (width 0.1))
    (fp_line (start -1.6 -0.8) (end 1.6 -0.8) (layer F.Fab) (width 0.1))
    (fp_line (start -1.6 0.8) (end -1.6 -0.8) (layer F.Fab) (width 0.1))
    (pad 2 smd roundrect (at 1.4875 0) (size 1.425 1.75) (layers F.Cu F.Paste F.Mask) (roundrect_rratio 0.175439)
      (net 4 "Net-(J1-Pad3)"))
    (pad 1 smd roundrect (at -1.4875 0) (size 1.425 1.75) (layers F.Cu F.Paste F.Mask) (roundrect_rratio 0.175439)
      (net 1 +5V))
    (model ${KISYS3DMOD}/Resistor_SMD.3dshapes/R_1206_3216Metric.wrl
      (at (xyz 0 0 0))
      (scale (xyz 1 1 1))
      (rotate (xyz 0 0 0))
    )
  )

  (module Resistor_SMD:R_1206_3216Metric_Pad1.42x1.75mm_HandSolder (layer F.Cu) (tedit 5B301BBD) (tstamp 5C8132A3)
    (at 152.146 79.756)
    (descr "Resistor SMD 1206 (3216 Metric), square (rectangular) end terminal, IPC_7351 nominal with elongated pad for handsoldering. (Body size source: http://www.tortai-tech.com/upload/download/2011102023233369053.pdf), generated with kicad-footprint-generator")
    (tags "resistor handsolder")
    (path /5C6D4060)
    (attr smd)
    (fp_text reference R5 (at 0 -1.82) (layer F.SilkS)
      (effects (font (size 1 1) (thickness 0.15)))
    )
    (fp_text value 220 (at 0 1.82) (layer F.Fab)
      (effects (font (size 1 1) (thickness 0.15)))
    )
    (fp_line (start -1.6 0.8) (end -1.6 -0.8) (layer F.Fab) (width 0.1))
    (fp_line (start -1.6 -0.8) (end 1.6 -0.8) (layer F.Fab) (width 0.1))
    (fp_line (start 1.6 -0.8) (end 1.6 0.8) (layer F.Fab) (width 0.1))
    (fp_line (start 1.6 0.8) (end -1.6 0.8) (layer F.Fab) (width 0.1))
    (fp_line (start -0.602064 -0.91) (end 0.602064 -0.91) (layer F.SilkS) (width 0.12))
    (fp_line (start -0.602064 0.91) (end 0.602064 0.91) (layer F.SilkS) (width 0.12))
    (fp_line (start -2.45 1.12) (end -2.45 -1.12) (layer F.CrtYd) (width 0.05))
    (fp_line (start -2.45 -1.12) (end 2.45 -1.12) (layer F.CrtYd) (width 0.05))
    (fp_line (start 2.45 -1.12) (end 2.45 1.12) (layer F.CrtYd) (width 0.05))
    (fp_line (start 2.45 1.12) (end -2.45 1.12) (layer F.CrtYd) (width 0.05))
    (fp_text user %R (at 0 0) (layer F.Fab)
      (effects (font (size 0.8 0.8) (thickness 0.12)))
    )
    (pad 1 smd roundrect (at -1.4875 0) (size 1.425 1.75) (layers F.Cu F.Paste F.Mask) (roundrect_rratio 0.175439)
      (net 1 +5V))
    (pad 2 smd roundrect (at 1.4875 0) (size 1.425 1.75) (layers F.Cu F.Paste F.Mask) (roundrect_rratio 0.175439)
      (net 8 "Net-(R5-Pad2)"))
    (model ${KISYS3DMOD}/Resistor_SMD.3dshapes/R_1206_3216Metric.wrl
      (at (xyz 0 0 0))
      (scale (xyz 1 1 1))
      (rotate (xyz 0 0 0))
    )
  )

  (module OptoDevice:OnSemi_CASE100CY (layer F.Cu) (tedit 5A4C03B7) (tstamp 5C80FFD2)
    (at 120 84.671 90)
    (descr "OnSemi CASE 100CY, light-direction upwards, see http://www.onsemi.com/pub/Collateral/QRE1113-D.PDF")
    (tags "refective opto couple photo coupler")
    (path /5C766DAC)
    (attr smd)
    (fp_text reference U1 (at -2.5 0 180) (layer F.SilkS)
      (effects (font (size 1 1) (thickness 0.15)))
    )
    (fp_text value QRE1113 (at 0 3.9 90) (layer F.Fab)
      (effects (font (size 1 1) (thickness 0.15)))
    )
    (fp_text user %R (at 0 0.2 90) (layer F.Fab)
      (effects (font (size 0.75 0.75) (thickness 0.15)))
    )
    (fp_line (start 1.7 1.4) (end 1.7 -1.4) (layer F.SilkS) (width 0.12))
    (fp_line (start -1.7 1.4) (end -1.7 -2.8) (layer F.SilkS) (width 0.12))
    (fp_line (start -1.6 -0.8) (end -1.1 -1.3) (layer F.Fab) (width 0.12))
    (fp_line (start -1.1 -1.3) (end 1.6 -1.3) (layer F.Fab) (width 0.12))
    (fp_line (start -1.6 1.3) (end -1.6 -0.8) (layer F.Fab) (width 0.12))
    (fp_line (start 1.6 1.3) (end -1.6 1.3) (layer F.Fab) (width 0.12))
    (fp_line (start 1.6 -1.3) (end 1.6 1.3) (layer F.Fab) (width 0.12))
    (fp_line (start -1.85 -3.08) (end 1.85 -3.08) (layer F.CrtYd) (width 0.05))
    (fp_line (start -1.85 -3.08) (end -1.85 3.08) (layer F.CrtYd) (width 0.05))
    (fp_line (start 1.85 3.08) (end 1.85 -3.08) (layer F.CrtYd) (width 0.05))
    (fp_line (start 1.85 3.08) (end -1.85 3.08) (layer F.CrtYd) (width 0.05))
    (pad 3 smd rect (at 0.9 2 90) (size 0.79 1.66) (layers F.Cu F.Paste F.Mask)
      (net 3 "Net-(J1-Pad2)"))
    (pad 2 smd rect (at -0.9 2 90) (size 0.79 1.66) (layers F.Cu F.Paste F.Mask)
      (net 2 GND))
    (pad 1 smd rect (at -0.9 -2 90) (size 0.79 1.66) (layers F.Cu F.Paste F.Mask)
      (net 6 "Net-(R1-Pad2)"))
    (pad 4 smd rect (at 0.9 -2 90) (size 0.79 1.66) (layers F.Cu F.Paste F.Mask)
      (net 2 GND))
    (model ${KISYS3DMOD}/OptoDevice.3dshapes/OnSemi_CASE100CY.step
      (at (xyz 0 0 0))
      (scale (xyz 1 1 1))
      (rotate (xyz 0 0 0))
    )
  )

  (module OptoDevice:OnSemi_CASE100CY (layer F.Cu) (tedit 5C793EA6) (tstamp 5C80FFE6)
    (at 140 84.671 90)
    (descr "OnSemi CASE 100CY, light-direction upwards, see http://www.onsemi.com/pub/Collateral/QRE1113-D.PDF")
    (tags "refective opto couple photo coupler")
    (path /5C7671CA)
    (attr smd)
    (fp_text reference U2 (at -2.5 0 180) (layer F.SilkS)
      (effects (font (size 1 1) (thickness 0.15)))
    )
    (fp_text value QRE1113 (at 0 3.9 90) (layer F.Fab)
      (effects (font (size 1 1) (thickness 0.15)))
    )
    (fp_line (start 1.85 3.08) (end -1.85 3.08) (layer F.CrtYd) (width 0.05))
    (fp_line (start 1.85 3.08) (end 1.85 -3.08) (layer F.CrtYd) (width 0.05))
    (fp_line (start -1.85 -3.08) (end -1.85 3.08) (layer F.CrtYd) (width 0.05))
    (fp_line (start -1.85 -3.08) (end 1.85 -3.08) (layer F.CrtYd) (width 0.05))
    (fp_line (start 1.6 -1.3) (end 1.6 1.3) (layer F.Fab) (width 0.12))
    (fp_line (start 1.6 1.3) (end -1.6 1.3) (layer F.Fab) (width 0.12))
    (fp_line (start -1.6 1.3) (end -1.6 -0.8) (layer F.Fab) (width 0.12))
    (fp_line (start -1.1 -1.3) (end 1.6 -1.3) (layer F.Fab) (width 0.12))
    (fp_line (start -1.6 -0.8) (end -1.1 -1.3) (layer F.Fab) (width 0.12))
    (fp_line (start -1.7 1.4) (end -1.7 -2.8) (layer F.SilkS) (width 0.12))
    (fp_line (start 1.7 1.4) (end 1.7 -1.4) (layer F.SilkS) (width 0.12))
    (fp_text user %R (at 0 0.2 90) (layer F.Fab)
      (effects (font (size 0.75 0.75) (thickness 0.15)))
    )
    (pad 4 smd rect (at 0.9 -2 90) (size 0.79 1.66) (layers F.Cu F.Paste F.Mask)
      (net 2 GND))
    (pad 1 smd rect (at -0.9 -2 90) (size 0.79 1.66) (layers F.Cu F.Paste F.Mask)
      (net 7 "Net-(R3-Pad2)"))
    (pad 2 smd rect (at -0.9 2 90) (size 0.79 1.66) (layers F.Cu F.Paste F.Mask)
      (net 2 GND))
    (pad 3 smd rect (at 0.9 2 90) (size 0.79 1.66) (layers F.Cu F.Paste F.Mask)
      (net 4 "Net-(J1-Pad3)"))
    (model ${KISYS3DMOD}/OptoDevice.3dshapes/OnSemi_CASE100CY.step
      (at (xyz 0 0 0))
      (scale (xyz 1 1 1))
      (rotate (xyz 0 0 0))
    )
  )

  (module OptoDevice:OnSemi_CASE100CY (layer F.Cu) (tedit 5C791F5D) (tstamp 5C80FFFA)
    (at 160 84.671 90)
    (descr "OnSemi CASE 100CY, light-direction upwards, see http://www.onsemi.com/pub/Collateral/QRE1113-D.PDF")
    (tags "refective opto couple photo coupler")
    (path /5C76720A)
    (attr smd)
    (fp_text reference U3 (at -2.5 0 180) (layer F.SilkS)
      (effects (font (size 1 1) (thickness 0.15)))
    )
    (fp_text value QRE1113 (at 0 3.9 90) (layer F.Fab)
      (effects (font (size 1 1) (thickness 0.15)))
    )
    (fp_text user %R (at 0 0.2 90) (layer F.Fab)
      (effects (font (size 0.75 0.75) (thickness 0.15)))
    )
    (fp_line (start 1.7 1.4) (end 1.7 -1.4) (layer F.SilkS) (width 0.12))
    (fp_line (start -1.7 1.4) (end -1.7 -2.8) (layer F.SilkS) (width 0.12))
    (fp_line (start -1.6 -0.8) (end -1.1 -1.3) (layer F.Fab) (width 0.12))
    (fp_line (start -1.1 -1.3) (end 1.6 -1.3) (layer F.Fab) (width 0.12))
    (fp_line (start -1.6 1.3) (end -1.6 -0.8) (layer F.Fab) (width 0.12))
    (fp_line (start 1.6 1.3) (end -1.6 1.3) (layer F.Fab) (width 0.12))
    (fp_line (start 1.6 -1.3) (end 1.6 1.3) (layer F.Fab) (width 0.12))
    (fp_line (start -1.85 -3.08) (end 1.85 -3.08) (layer F.CrtYd) (width 0.05))
    (fp_line (start -1.85 -3.08) (end -1.85 3.08) (layer F.CrtYd) (width 0.05))
    (fp_line (start 1.85 3.08) (end 1.85 -3.08) (layer F.CrtYd) (width 0.05))
    (fp_line (start 1.85 3.08) (end -1.85 3.08) (layer F.CrtYd) (width 0.05))
    (pad 3 smd rect (at 0.9 2 90) (size 0.79 1.66) (layers F.Cu F.Paste F.Mask)
      (net 5 "Net-(J1-Pad4)"))
    (pad 2 smd rect (at -0.9 2 90) (size 0.79 1.66) (layers F.Cu F.Paste F.Mask)
      (net 2 GND))
    (pad 1 smd rect (at -0.9 -2 90) (size 0.79 1.66) (layers F.Cu F.Paste F.Mask)
      (net 8 "Net-(R5-Pad2)"))
    (pad 4 smd rect (at 0.9 -2 90) (size 0.79 1.66) (layers F.Cu F.Paste F.Mask)
      (net 2 GND))
    (model ${KISYS3DMOD}/OptoDevice.3dshapes/OnSemi_CASE100CY.step
      (at (xyz 0 0 0))
      (scale (xyz 1 1 1))
      (rotate (xyz 0 0 0))
    )
  )

  (gr_line (start 150.4 50) (end 150.4 55) (layer F.SilkS) (width 0.2))
  (gr_line (start 130.4 50) (end 130.4 55) (layer F.SilkS) (width 0.2))
  (gr_line (start 170.8 50) (end 170.8 90) (layer F.SilkS) (width 0.2))
  (gr_line (start 110 50) (end 110 90) (layer F.SilkS) (width 0.2))
  (target x (at 130.410308 55.012783) (size 6.5) (width 0.15) (layer Edge.Cuts))
  (target x (at 150.380448 54.963615) (size 6.5) (width 0.15) (layer Edge.Cuts))
  (gr_line (start 110 60) (end 170.8 60) (layer F.SilkS) (width 0.2) (tstamp 5C7A45BA))
  (gr_line (start 110 90) (end 170.8 90) (layer F.SilkS) (width 0.2))
  (gr_line (start 110 50) (end 170.8 50) (layer F.SilkS) (width 0.2))
  (gr_text "3\n" (at 154.7 86.4) (layer F.Cu) (tstamp 5C8138B7)
    (effects (font (size 1 1) (thickness 0.25)))
  )
  (gr_text "2\n\n" (at 137.6 89) (layer F.Cu) (tstamp 5C8138B5)
    (effects (font (size 1 1) (thickness 0.25)))
  )
  (gr_text 1 (at 117.6 88.1) (layer F.Cu)
    (effects (font (size 1 1) (thickness 0.25)))
  )
  (gr_text 3 (at 145.542 80.899) (layer F.Cu) (tstamp 5C813862)
    (effects (font (size 0.5 0.5) (thickness 0.125)))
  )
  (gr_text "2\n\n" (at 142.875 81.28) (layer F.Cu) (tstamp 5C81385D)
    (effects (font (size 0.5 0.5) (thickness 0.125)))
  )
  (gr_text "1\n" (at 140.081 80.772) (layer F.Cu)
    (effects (font (size 0.5 0.5) (thickness 0.125)))
  )
  (gr_text Vcc (at 147.828 80.645) (layer F.Cu)
    (effects (font (size 0.5 0.5) (thickness 0.125)))
  )
  (gr_text GND (at 134.493 80.518) (layer F.Cu)
    (effects (font (size 0.5 0.5) (thickness 0.125)))
  )

  (segment (start 129.3225 71.374) (end 129.1955 71.247) (width 0.5) (layer F.Cu) (net 1))
  (segment (start 129.3225 75.057) (end 129.3225 71.374) (width 0.5) (layer F.Cu) (net 1))
  (segment (start 153.6335 73.479) (end 150.6585 76.454) (width 0.5) (layer F.Cu) (net 1))
  (segment (start 153.6335 72.39) (end 153.6335 73.479) (width 0.5) (layer F.Cu) (net 1))
  (segment (start 150.6585 76.454) (end 150.6585 79.756) (width 0.5) (layer F.Cu) (net 1))
  (segment (start 149.5155 78.613) (end 150.6585 79.756) (width 0.5) (layer F.Cu) (net 1))
  (segment (start 146.816 78.613) (end 149.5155 78.613) (width 0.5) (layer F.Cu) (net 1))
  (segment (start 143.3055 70.5315) (end 142.243 69.469) (width 0.5) (layer F.Cu) (net 1))
  (segment (start 143.3055 73.787) (end 143.3055 70.5315) (width 0.5) (layer F.Cu) (net 1))
  (segment (start 150.7125 69.469) (end 153.6335 72.39) (width 0.5) (layer F.Cu) (net 1))
  (segment (start 142.243 69.469) (end 150.7125 69.469) (width 0.5) (layer F.Cu) (net 1))
  (segment (start 142.243 67.948) (end 142.243 69.469) (width 0.5) (layer F.Cu) (net 1))
  (segment (start 140.716 66.421) (end 142.243 67.948) (width 0.5) (layer F.Cu) (net 1))
  (segment (start 133.0465 66.421) (end 140.716 66.421) (width 0.5) (layer F.Cu) (net 1))
  (segment (start 129.1955 71.247) (end 129.1955 70.272) (width 0.5) (layer F.Cu) (net 1))
  (segment (start 129.1955 70.272) (end 133.0465 66.421) (width 0.5) (layer F.Cu) (net 1))
  (segment (start 129.3225 76.4905) (end 129.3225 75.057) (width 0.5) (layer F.Cu) (net 1))
  (segment (start 131.699 78.867) (end 129.3225 76.4905) (width 0.5) (layer F.Cu) (net 1))
  (segment (start 132.08 78.867) (end 131.699 78.867) (width 0.5) (layer F.Cu) (net 1))
  (segment (start 132.4245 79.375) (end 132.588 79.375) (width 0.5) (layer F.Cu) (net 1))
  (segment (start 132.588 79.375) (end 132.08 78.867) (width 0.5) (layer F.Cu) (net 1))
  (segment (start 139.443 72.7245) (end 138.3805 73.787) (width 0.5) (layer F.Cu) (net 2))
  (segment (start 139.443 69.469) (end 139.443 72.7245) (width 0.5) (layer F.Cu) (net 2))
  (segment (start 135.128 78.613) (end 136.656 78.613) (width 0.5) (layer F.Cu) (net 2))
  (segment (start 133.604 77.089) (end 135.128 78.613) (width 0.5) (layer F.Cu) (net 2))
  (segment (start 131.699 77.089) (end 133.604 77.089) (width 0.5) (layer F.Cu) (net 2))
  (segment (start 137.243 73.787) (end 136.481 73.025) (width 0.5) (layer F.Cu) (net 2))
  (segment (start 138.3805 73.787) (end 137.243 73.787) (width 0.5) (layer F.Cu) (net 2))
  (segment (start 136.481 73.025) (end 131.445 73.025) (width 0.5) (layer F.Cu) (net 2))
  (segment (start 131.445 73.025) (end 130.81 73.66) (width 0.5) (layer F.Cu) (net 2))
  (segment (start 130.81 73.66) (end 130.81 76.2) (width 0.5) (layer F.Cu) (net 2))
  (segment (start 130.81 76.2) (end 131.699 77.089) (width 0.5) (layer F.Cu) (net 2))
  (segment (start 139.071 83.771) (end 138 83.771) (width 0.5) (layer F.Cu) (net 2))
  (segment (start 142 85.571) (end 140.871 85.571) (width 0.5) (layer F.Cu) (net 2))
  (segment (start 140.871 85.571) (end 139.071 83.771) (width 0.5) (layer F.Cu) (net 2))
  (segment (start 138.346001 77.763001) (end 139.196 78.613) (width 0.5) (layer F.Cu) (net 3))
  (segment (start 136.411347 75.828347) (end 138.346001 77.763001) (width 0.5) (layer F.Cu) (net 3))
  (segment (start 133.068847 75.828347) (end 136.411347 75.828347) (width 0.5) (layer F.Cu) (net 3))
  (segment (start 132.2975 75.057) (end 133.068847 75.828347) (width 0.5) (layer F.Cu) (net 3))
  (segment (start 135.8535 67.564) (end 132.1705 71.247) (width 0.5) (layer F.Cu) (net 4))
  (segment (start 140.208 67.564) (end 135.8535 67.564) (width 0.5) (layer F.Cu) (net 4))
  (segment (start 140.843 68.199) (end 140.208 67.564) (width 0.5) (layer F.Cu) (net 4))
  (segment (start 140.843 75.692) (end 140.843 68.199) (width 0.5) (layer F.Cu) (net 4))
  (segment (start 141.736 78.613) (end 141.736 76.585) (width 0.5) (layer F.Cu) (net 4))
  (segment (start 141.736 76.585) (end 140.843 75.692) (width 0.5) (layer F.Cu) (net 4))
  (segment (start 141.736 83.507) (end 142 83.771) (width 0.5) (layer F.Cu) (net 4))
  (segment (start 141.736 78.613) (end 141.736 83.507) (width 0.5) (layer F.Cu) (net 4))
  (segment (start 144.4355 78.613) (end 144.276 78.613) (width 0.5) (layer F.Cu) (net 5))
  (segment (start 150.6585 72.39) (end 144.4355 78.613) (width 0.5) (layer F.Cu) (net 5))
  (segment (start 146.786 83.771) (end 151.421 83.771) (width 0.5) (layer F.Cu) (net 2))
  (segment (start 142 85.571) (end 144.986 85.571) (width 0.5) (layer F.Cu) (net 2))
  (segment (start 144.986 85.571) (end 146.786 83.771) (width 0.5) (layer F.Cu) (net 2))
  (segment (start 120.571 85.571) (end 122 85.571) (width 0.5) (layer F.Cu) (net 2))
  (segment (start 118 83.771) (end 118.771 83.771) (width 0.5) (layer F.Cu) (net 2))
  (segment (start 118.771 83.771) (end 120.571 85.571) (width 0.5) (layer F.Cu) (net 2))
  (segment (start 118.229 83.771) (end 118 83.771) (width 0.5) (layer F.Cu) (net 2))
  (segment (start 119.704 82.296) (end 118.229 83.771) (width 0.5) (layer F.Cu) (net 2))
  (segment (start 135.001 82.296) (end 119.704 82.296) (width 0.5) (layer F.Cu) (net 2))
  (segment (start 136.656 78.613) (end 136.656 80.641) (width 0.5) (layer F.Cu) (net 2))
  (segment (start 136.656 80.641) (end 135.001 82.296) (width 0.5) (layer F.Cu) (net 2))
  (segment (start 125.471 85.571) (end 122 85.571) (width 0.5) (layer F.Cu) (net 2))
  (segment (start 134.87 85.571) (end 125.471 85.571) (width 0.5) (layer F.Cu) (net 2))
  (segment (start 138 83.771) (end 136.67 83.771) (width 0.5) (layer F.Cu) (net 2))
  (segment (start 136.67 83.771) (end 134.87 85.571) (width 0.5) (layer F.Cu) (net 2))
  (segment (start 151.421 83.771) (end 158 83.771) (width 0.5) (layer F.Cu) (net 2))
  (segment (start 160.371 85.571) (end 162 85.571) (width 0.5) (layer F.Cu) (net 2))
  (segment (start 158 83.771) (end 158.571 83.771) (width 0.5) (layer F.Cu) (net 2))
  (segment (start 158.571 83.771) (end 160.371 85.571) (width 0.5) (layer F.Cu) (net 2))
  (segment (start 127 83.771) (end 122 83.771) (width 0.5) (layer F.Cu) (net 3))
  (segment (start 135.304 83.771) (end 127 83.771) (width 0.5) (layer F.Cu) (net 3))
  (segment (start 139.196 78.613) (end 139.196 79.879) (width 0.5) (layer F.Cu) (net 3))
  (segment (start 139.196 79.879) (end 135.304 83.771) (width 0.5) (layer F.Cu) (net 3))
  (segment (start 160.67 83.771) (end 162 83.771) (width 0.5) (layer F.Cu) (net 5))
  (segment (start 159.068 82.169) (end 160.67 83.771) (width 0.5) (layer F.Cu) (net 5))
  (segment (start 145.034 82.169) (end 159.068 82.169) (width 0.5) (layer F.Cu) (net 5))
  (segment (start 144.276 78.613) (end 144.276 81.411) (width 0.5) (layer F.Cu) (net 5))
  (segment (start 144.276 81.411) (end 145.034 82.169) (width 0.5) (layer F.Cu) (net 5))
  (segment (start 117.071 85.571) (end 118 85.571) (width 0.5) (layer F.Cu) (net 6))
  (segment (start 116 84.5) (end 117.071 85.571) (width 0.5) (layer F.Cu) (net 6))
  (segment (start 116 81.8) (end 116 84.5) (width 0.5) (layer F.Cu) (net 6))
  (segment (start 116.4835 81.3165) (end 116 81.8) (width 0.5) (layer F.Cu) (net 6))
  (segment (start 129.4495 79.375) (end 127.508 81.3165) (width 0.5) (layer F.Cu) (net 6))
  (segment (start 127.508 81.3165) (end 116.4835 81.3165) (width 0.5) (layer F.Cu) (net 6))
  (segment (start 139.33 85.571) (end 138 85.571) (width 0.5) (layer F.Cu) (net 7))
  (segment (start 142.151 88.392) (end 139.33 85.571) (width 0.5) (layer F.Cu) (net 7))
  (segment (start 156.083 88.392) (end 155.4 88.392) (width 0.5) (layer F.Cu) (net 7))
  (segment (start 155.4 88.392) (end 142.151 88.392) (width 0.5) (layer F.Cu) (net 7))
  (segment (start 161.408 88.392) (end 161 88.392) (width 0.5) (layer F.Cu) (net 7))
  (segment (start 161 88.392) (end 155.4 88.392) (width 0.5) (layer F.Cu) (net 7))
  (segment (start 164.508 88.392) (end 161 88.392) (width 0.5) (layer F.Cu) (net 7))
  (segment (start 165.7 87.2) (end 164.508 88.392) (width 0.5) (layer F.Cu) (net 7))
  (segment (start 165.7 81.9) (end 165.7 87.2) (width 0.5) (layer F.Cu) (net 7))
  (segment (start 161.8 78) (end 165.7 81.9) (width 0.5) (layer F.Cu) (net 7))
  (segment (start 153.6335 76.454) (end 155.1795 78) (width 0.5) (layer F.Cu) (net 7))
  (segment (start 155.1795 78) (end 161.8 78) (width 0.5) (layer F.Cu) (net 7))
  (segment (start 158.071 85.571) (end 158 85.571) (width 0.5) (layer F.Cu) (net 8))
  (segment (start 159.8 87.3) (end 158.071 85.571) (width 0.5) (layer F.Cu) (net 8))
  (segment (start 154.84151 80.96401) (end 161.96401 80.96401) (width 0.5) (layer F.Cu) (net 8))
  (segment (start 153.6335 79.756) (end 154.84151 80.96401) (width 0.5) (layer F.Cu) (net 8))
  (segment (start 161.96401 80.96401) (end 164.2 83.2) (width 0.5) (layer F.Cu) (net 8))
  (segment (start 164.2 83.2) (end 164.2 86.5) (width 0.5) (layer F.Cu) (net 8))
  (segment (start 164.2 86.5) (end 163.4 87.3) (width 0.5) (layer F.Cu) (net 8))
  (segment (start 163.4 87.3) (end 159.8 87.3) (width 0.5) (layer F.Cu) (net 8))

)
